[[[[1.680395 0.26542  0.       0.       0.       0.073178]
   [0.26542  0.397727 0.       0.       0.       0.152617]
   [0.       0.       0.39664  0.       0.       0.      ]
   [0.       0.       0.       0.39664  0.       0.      ]
   [0.       0.       0.       0.       0.39664  0.183586]
   [0.073178 0.152617 0.       0.       0.183586 0.332016]]

  [[0.26542  0.049941 0.       0.       0.       0.013836]
   [0.049941 0.09286  0.       0.       0.       0.035966]
   [0.       0.       0.09288  0.       0.       0.      ]
   [0.       0.       0.       0.09288  0.       0.      ]
   [0.       0.       0.       0.       0.09288  0.043764]
   [0.013836 0.035966 0.       0.       0.043764 0.079679]]

  [[0.       0.       0.008981 0.       0.       0.      ]
   [0.       0.       0.013788 0.       0.       0.      ]
   [0.008981 0.013788 0.       0.       0.       0.003073]
   [0.       0.       0.       0.       0.       0.      ]
   [0.       0.       0.       0.       0.       0.      ]
   [0.       0.       0.003073 0.       0.       0.      ]]

  [[0.       0.       0.       0.008981 0.       0.      ]
   [0.       0.       0.       0.013788 0.       0.      ]
   [0.       0.       0.       0.       0.       0.      ]
   [0.008981 0.013788 0.       0.       0.       0.003073]
   [0.       0.       0.       0.       0.       0.      ]
   [0.       0.       0.       0.003073 0.       0.      ]]

  [[0.       0.       0.       0.       0.008981 0.001634]
   [0.       0.       0.       0.       0.013788 0.005874]
   [0.       0.       0.       0.       0.       0.      ]
   [0.       0.       0.       0.       0.       0.      ]
   [0.008981 0.013788 0.       0.       0.       0.009147]
   [0.001634 0.005874 0.       0.       0.009147 0.01544 ]]

  [[0.073178 0.013836 0.       0.       0.001634 0.004189]
   [0.013836 0.026161 0.       0.       0.003155 0.011863]
   [0.       0.       0.025853 0.       0.       0.      ]
   [0.       0.       0.       0.025853 0.       0.      ]
   [0.001634 0.003155 0.       0.       0.02679  0.01509 ]
   [0.004189 0.011863 0.       0.       0.01509  0.027628]]]


 [[[0.26542  0.049941 0.       0.       0.       0.013836]
   [0.049941 0.09286  0.       0.       0.       0.035966]
   [0.       0.       0.09288  0.       0.       0.      ]
   [0.       0.       0.       0.09288  0.       0.      ]
   [0.       0.       0.       0.       0.09288  0.043764]
   [0.013836 0.035966 0.       0.       0.043764 0.079679]]

  [[0.397727 0.09286  0.       0.       0.       0.026161]
   [0.09286  0.290562 0.       0.       0.       0.116713]
   [0.       0.       0.290497 0.       0.       0.      ]
   [0.       0.       0.       0.290497 0.       0.      ]
   [0.       0.       0.       0.       0.290497 0.147598]
   [0.026161 0.116713 0.       0.       0.147598 0.282149]]

  [[0.       0.       0.013788 0.       0.       0.      ]
   [0.       0.       0.064184 0.       0.       0.      ]
   [0.013788 0.064184 0.       0.       0.       0.013786]
   [0.       0.       0.       0.       0.       0.      ]
   [0.       0.       0.       0.       0.       0.      ]
   [0.       0.       0.013786 0.       0.       0.      ]]

  [[0.       0.       0.       0.013788 0.       0.      ]
   [0.       0.       0.       0.064184 0.       0.      ]
   [0.       0.       0.       0.       0.       0.      ]
   [0.013788 0.064184 0.       0.       0.       0.013786]
   [0.       0.       0.       0.       0.       0.      ]
   [0.       0.       0.       0.013786 0.       0.      ]]

  [[0.       0.       0.       0.       0.013788 0.003155]
   [0.       0.       0.       0.       0.064184 0.033911]
   [0.       0.       0.       0.       0.       0.      ]
   [0.       0.       0.       0.       0.       0.      ]
   [0.013788 0.064184 0.       0.       0.       0.05187 ]
   [0.003155 0.033911 0.       0.       0.05187  0.106101]]

  [[0.152617 0.035966 0.       0.       0.005874 0.011863]
   [0.035966 0.116713 0.       0.       0.033911 0.075029]
   [0.       0.       0.11096  0.       0.       0.      ]
   [0.       0.       0.       0.11096  0.       0.      ]
   [0.005874 0.033911 0.       0.       0.128095 0.104404]
   [0.011863 0.075029 0.       0.       0.104404 0.224006]]]


 [[[0.       0.       0.008981 0.       0.       0.      ]
   [0.       0.       0.013788 0.       0.       0.      ]
   [0.008981 0.013788 0.       0.       0.       0.003073]
   [0.       0.       0.       0.       0.       0.      ]
   [0.       0.       0.       0.       0.       0.      ]
   [0.       0.       0.003073 0.       0.       0.      ]]

  [[0.       0.       0.013788 0.       0.       0.      ]
   [0.       0.       0.064184 0.       0.       0.      ]
   [0.013788 0.064184 0.       0.       0.       0.013786]
   [0.       0.       0.       0.       0.       0.      ]
   [0.       0.       0.       0.       0.       0.      ]
   [0.       0.       0.013786 0.       0.       0.      ]]

  [[0.39664  0.09288  0.       0.       0.       0.025853]
   [0.09288  0.290497 0.       0.       0.       0.11096 ]
   [0.       0.       0.312946 0.       0.       0.      ]
   [0.       0.       0.       0.279207 0.       0.      ]
   [0.       0.       0.       0.       0.279207 0.137752]
   [0.025853 0.11096  0.       0.       0.137752 0.257727]]

  [[0.       0.       0.       0.       0.       0.      ]
   [0.       0.       0.       0.       0.       0.      ]
   [0.       0.       0.       0.016869 0.       0.      ]
   [0.       0.       0.016869 0.       0.       0.      ]
   [0.       0.       0.       0.       0.       0.      ]
   [0.       0.       0.       0.       0.       0.      ]]

  [[0.       0.       0.       0.       0.       0.      ]
   [0.       0.       0.       0.       0.       0.      ]
   [0.       0.       0.       0.       0.016869 0.005391]
   [0.       0.       0.       0.       0.       0.      ]
   [0.       0.       0.016869 0.       0.       0.      ]
   [0.       0.       0.005391 0.       0.       0.      ]]

  [[0.       0.       0.003073 0.       0.       0.      ]
   [0.       0.       0.013786 0.       0.       0.      ]
   [0.003073 0.013786 0.       0.       0.005391 0.005753]
   [0.       0.       0.       0.       0.       0.      ]
   [0.       0.       0.005391 0.       0.       0.      ]
   [0.       0.       0.005753 0.       0.       0.      ]]]


 [[[0.       0.       0.       0.008981 0.       0.      ]
   [0.       0.       0.       0.013788 0.       0.      ]
   [0.       0.       0.       0.       0.       0.      ]
   [0.008981 0.013788 0.       0.       0.       0.003073]
   [0.       0.       0.       0.       0.       0.      ]
   [0.       0.       0.       0.003073 0.       0.      ]]

  [[0.       0.       0.       0.013788 0.       0.      ]
   [0.       0.       0.       0.064184 0.       0.      ]
   [0.       0.       0.       0.       0.       0.      ]
   [0.013788 0.064184 0.       0.       0.       0.013786]
   [0.       0.       0.       0.       0.       0.      ]
   [0.       0.       0.       0.013786 0.       0.      ]]

  [[0.       0.       0.       0.       0.       0.      ]
   [0.       0.       0.       0.       0.       0.      ]
   [0.       0.       0.       0.016869 0.       0.      ]
   [0.       0.       0.016869 0.       0.       0.      ]
   [0.       0.       0.       0.       0.       0.      ]
   [0.       0.       0.       0.       0.       0.      ]]

  [[0.39664  0.09288  0.       0.       0.       0.025853]
   [0.09288  0.290497 0.       0.       0.       0.11096 ]
   [0.       0.       0.279207 0.       0.       0.      ]
   [0.       0.       0.       0.312946 0.       0.      ]
   [0.       0.       0.       0.       0.279207 0.137752]
   [0.025853 0.11096  0.       0.       0.137752 0.257727]]

  [[0.       0.       0.       0.       0.       0.      ]
   [0.       0.       0.       0.       0.       0.      ]
   [0.       0.       0.       0.       0.       0.      ]
   [0.       0.       0.       0.       0.016869 0.005391]
   [0.       0.       0.       0.016869 0.       0.      ]
   [0.       0.       0.       0.005391 0.       0.      ]]

  [[0.       0.       0.       0.003073 0.       0.      ]
   [0.       0.       0.       0.013786 0.       0.      ]
   [0.       0.       0.       0.       0.       0.      ]
   [0.003073 0.013786 0.       0.       0.005391 0.005753]
   [0.       0.       0.       0.005391 0.       0.      ]
   [0.       0.       0.       0.005753 0.       0.      ]]]


 [[[0.       0.       0.       0.       0.008981 0.001634]
   [0.       0.       0.       0.       0.013788 0.005874]
   [0.       0.       0.       0.       0.       0.      ]
   [0.       0.       0.       0.       0.       0.      ]
   [0.008981 0.013788 0.       0.       0.       0.009147]
   [0.001634 0.005874 0.       0.       0.009147 0.01544 ]]

  [[0.       0.       0.       0.       0.013788 0.003155]
   [0.       0.       0.       0.       0.064184 0.033911]
   [0.       0.       0.       0.       0.       0.      ]
   [0.       0.       0.       0.       0.       0.      ]
   [0.013788 0.064184 0.       0.       0.       0.05187 ]
   [0.003155 0.033911 0.       0.       0.05187  0.106101]]

  [[0.       0.       0.       0.       0.       0.      ]
   [0.       0.       0.       0.       0.       0.      ]
   [0.       0.       0.       0.       0.016869 0.005391]
   [0.       0.       0.       0.       0.       0.      ]
   [0.       0.       0.016869 0.       0.       0.      ]
   [0.       0.       0.005391 0.       0.       0.      ]]

  [[0.       0.       0.       0.       0.       0.      ]
   [0.       0.       0.       0.       0.       0.      ]
   [0.       0.       0.       0.       0.       0.      ]
   [0.       0.       0.       0.       0.016869 0.005391]
   [0.       0.       0.       0.016869 0.       0.      ]
   [0.       0.       0.       0.005391 0.       0.      ]]

  [[0.39664  0.09288  0.       0.       0.       0.02679 ]
   [0.09288  0.290497 0.       0.       0.       0.128095]
   [0.       0.       0.279207 0.       0.       0.      ]
   [0.       0.       0.       0.279207 0.       0.      ]
   [0.       0.       0.       0.       0.312946 0.167109]
   [0.02679  0.128095 0.       0.       0.167109 0.330583]]

  [[0.183586 0.043764 0.       0.       0.009147 0.01509 ]
   [0.043764 0.147598 0.       0.       0.05187  0.104404]
   [0.       0.       0.137752 0.       0.       0.      ]
   [0.       0.       0.       0.137752 0.       0.      ]
   [0.009147 0.05187  0.       0.       0.167109 0.14774 ]
   [0.01509  0.104404 0.       0.       0.14774  0.324541]]]


 [[[0.073178 0.013836 0.       0.       0.001634 0.004189]
   [0.013836 0.026161 0.       0.       0.003155 0.011863]
   [0.       0.       0.025853 0.       0.       0.      ]
   [0.       0.       0.       0.025853 0.       0.      ]
   [0.001634 0.003155 0.       0.       0.02679  0.01509 ]
   [0.004189 0.011863 0.       0.       0.01509  0.027628]]

  [[0.152617 0.035966 0.       0.       0.005874 0.011863]
   [0.035966 0.116713 0.       0.       0.033911 0.075029]
   [0.       0.       0.11096  0.       0.       0.      ]
   [0.       0.       0.       0.11096  0.       0.      ]
   [0.005874 0.033911 0.       0.       0.128095 0.104404]
   [0.011863 0.075029 0.       0.       0.104404 0.224006]]

  [[0.       0.       0.003073 0.       0.       0.      ]
   [0.       0.       0.013786 0.       0.       0.      ]
   [0.003073 0.013786 0.       0.       0.005391 0.005753]
   [0.       0.       0.       0.       0.       0.      ]
   [0.       0.       0.005391 0.       0.       0.      ]
   [0.       0.       0.005753 0.       0.       0.      ]]

  [[0.       0.       0.       0.003073 0.       0.      ]
   [0.       0.       0.       0.013786 0.       0.      ]
   [0.       0.       0.       0.       0.       0.      ]
   [0.003073 0.013786 0.       0.       0.005391 0.005753]
   [0.       0.       0.       0.005391 0.       0.      ]
   [0.       0.       0.       0.005753 0.       0.      ]]

  [[0.183586 0.043764 0.       0.       0.009147 0.01509 ]
   [0.043764 0.147598 0.       0.       0.05187  0.104404]
   [0.       0.       0.137752 0.       0.       0.      ]
   [0.       0.       0.       0.137752 0.       0.      ]
   [0.009147 0.05187  0.       0.       0.167109 0.14774 ]
   [0.01509  0.104404 0.       0.       0.14774  0.324541]]

  [[0.332016 0.079679 0.       0.       0.01544  0.027628]
   [0.079679 0.282149 0.       0.       0.106101 0.224006]
   [0.       0.       0.257727 0.       0.       0.      ]
   [0.       0.       0.       0.257727 0.       0.      ]
   [0.01544  0.106101 0.       0.       0.330583 0.324541]
   [0.027628 0.224006 0.       0.       0.324541 0.774606]]]]