[[[[ 0.774606  0.029625  0.304131  0.        0.        0.304107]
   [ 0.029625  0.560653  0.132963  0.        0.        0.012141]
   [ 0.304131  0.132963  0.533527  0.        0.        0.126517]
   [ 0.        0.        0.        0.514707  0.        0.      ]
   [ 0.        0.        0.        0.        0.514707  0.      ]
   [ 0.304107  0.012141  0.126517  0.        0.        0.570538]]

  [[ 0.029625  0.00753   0.022548  0.        0.        0.015455]
   [ 0.00753   0.185599  0.034133  0.        0.        0.001384]
   [ 0.022548  0.034133  0.063334  0.        0.        0.002581]
   [ 0.        0.        0.        0.063242  0.        0.      ]
   [ 0.        0.        0.        0.        0.063242  0.      ]
   [ 0.015455  0.001384  0.002581  0.        0.        0.063527]]

  [[ 0.304131  0.022548  0.164536  0.        0.        0.141641]
   [ 0.022548  0.437207  0.102011  0.        0.        0.006878]
   [ 0.164536  0.102011  0.356819  0.        0.        0.052138]
   [ 0.        0.        0.        0.351839  0.        0.      ]
   [ 0.        0.        0.        0.        0.351839  0.      ]
   [ 0.141641  0.006878  0.052138  0.        0.        0.366442]]

  [[ 0.        0.        0.        0.025292  0.        0.      ]
   [ 0.        0.        0.        0.01107   0.        0.      ]
   [ 0.        0.        0.        0.064105  0.        0.      ]
   [ 0.025292  0.01107   0.064105  0.        0.        0.011158]
   [ 0.        0.        0.        0.        0.        0.      ]
   [ 0.        0.        0.        0.011158  0.        0.      ]]

  [[ 0.        0.        0.        0.        0.025292  0.      ]
   [ 0.        0.        0.        0.        0.01107   0.      ]
   [ 0.        0.        0.        0.        0.064105  0.      ]
   [ 0.        0.        0.        0.        0.        0.      ]
   [ 0.025292  0.01107   0.064105  0.        0.        0.011158]
   [ 0.        0.        0.        0.        0.011158  0.      ]]

  [[ 0.304107  0.015455  0.141641  0.        0.        0.146428]
   [ 0.015455  0.2829    0.066903  0.        0.        0.015054]
   [ 0.141641  0.066903  0.250679  0.        0.        0.099296]
   [ 0.        0.        0.        0.239708  0.        0.      ]
   [ 0.        0.        0.        0.        0.239708  0.      ]
   [ 0.146428  0.015054  0.099296  0.        0.        0.272342]]]


 [[[ 0.029625  0.00753   0.022548  0.        0.        0.015455]
   [ 0.00753   0.185599  0.034133  0.        0.        0.001384]
   [ 0.022548  0.034133  0.063334  0.        0.        0.002581]
   [ 0.        0.        0.        0.063242  0.        0.      ]
   [ 0.        0.        0.        0.        0.063242  0.      ]
   [ 0.015455  0.001384  0.002581  0.        0.        0.063527]]

  [[ 0.560653  0.185599  0.437207  0.        0.        0.2829  ]
   [ 0.185599  5.403501  0.84192   0.        0.        0.      ]
   [ 0.437207  0.84192   1.268028  0.        0.       -0.      ]
   [ 0.        0.        0.        1.264502  0.        0.      ]
   [ 0.        0.        0.        0.        1.264502  0.      ]
   [ 0.2829    0.       -0.        0.        0.        1.264502]]

  [[ 0.132963  0.034133  0.102011  0.        0.        0.066903]
   [ 0.034133  0.84192   0.156299  0.        0.        0.      ]
   [ 0.102011  0.156299  0.292344  0.        0.       -0.      ]
   [ 0.        0.        0.        0.292403  0.        0.      ]
   [ 0.        0.        0.        0.        0.292403  0.      ]
   [ 0.066903  0.       -0.        0.        0.        0.292403]]

  [[ 0.        0.        0.        0.01107   0.        0.      ]
   [ 0.        0.        0.        0.027998  0.        0.      ]
   [ 0.        0.        0.        0.043169  0.        0.      ]
   [ 0.01107   0.027998  0.043169  0.        0.       -0.      ]
   [ 0.        0.        0.        0.        0.        0.      ]
   [ 0.        0.        0.       -0.        0.        0.      ]]

  [[ 0.        0.        0.        0.        0.01107   0.      ]
   [ 0.        0.        0.        0.        0.027998  0.      ]
   [ 0.        0.        0.        0.        0.043169  0.      ]
   [ 0.        0.        0.        0.        0.        0.      ]
   [ 0.01107   0.027998  0.043169  0.        0.       -0.      ]
   [ 0.        0.        0.        0.       -0.        0.      ]]

  [[ 0.012141  0.001384  0.006878  0.        0.        0.015054]
   [ 0.001384  0.        0.        0.        0.        0.027998]
   [ 0.006878  0.        0.        0.        0.        0.043169]
   [ 0.        0.        0.        0.        0.        0.      ]
   [ 0.        0.        0.        0.        0.        0.      ]
   [ 0.015054  0.027998  0.043169  0.        0.        0.      ]]]


 [[[ 0.304131  0.022548  0.164536  0.        0.        0.141641]
   [ 0.022548  0.437207  0.102011  0.        0.        0.006878]
   [ 0.164536  0.102011  0.356819  0.        0.        0.052138]
   [ 0.        0.        0.        0.351839  0.        0.      ]
   [ 0.        0.        0.        0.        0.351839  0.      ]
   [ 0.141641  0.006878  0.052138  0.        0.        0.366442]]

  [[ 0.132963  0.034133  0.102011  0.        0.        0.066903]
   [ 0.034133  0.84192   0.156299  0.        0.        0.      ]
   [ 0.102011  0.156299  0.292344  0.        0.       -0.      ]
   [ 0.        0.        0.        0.292403  0.        0.      ]
   [ 0.        0.        0.        0.        0.292403  0.      ]
   [ 0.066903  0.       -0.        0.        0.        0.292403]]

  [[ 0.533527  0.063334  0.356819  0.        0.        0.250679]
   [ 0.063334  1.268028  0.292344  0.        0.        0.      ]
   [ 0.356819  0.292344  0.926167  0.        0.       -0.      ]
   [ 0.        0.        0.        0.925959  0.        0.      ]
   [ 0.        0.        0.        0.        0.925959  0.      ]
   [ 0.250679  0.       -0.        0.        0.        0.925959]]

  [[ 0.        0.        0.        0.064105  0.        0.      ]
   [ 0.        0.        0.        0.043169  0.        0.      ]
   [ 0.        0.        0.        0.204588  0.        0.      ]
   [ 0.064105  0.043169  0.204588  0.        0.       -0.      ]
   [ 0.        0.        0.        0.        0.        0.      ]
   [ 0.        0.        0.       -0.        0.        0.      ]]

  [[ 0.        0.        0.        0.        0.064105  0.      ]
   [ 0.        0.        0.        0.        0.043169  0.      ]
   [ 0.        0.        0.        0.        0.204588  0.      ]
   [ 0.        0.        0.        0.        0.        0.      ]
   [ 0.064105  0.043169  0.204588  0.        0.       -0.      ]
   [ 0.        0.        0.        0.       -0.        0.      ]]

  [[ 0.126517  0.002581  0.052138  0.        0.        0.099296]
   [ 0.002581 -0.       -0.        0.        0.        0.043169]
   [ 0.052138 -0.       -0.        0.        0.        0.204588]
   [ 0.        0.        0.       -0.        0.        0.      ]
   [ 0.        0.        0.        0.       -0.        0.      ]
   [ 0.099296  0.043169  0.204588  0.        0.       -0.      ]]]


 [[[ 0.        0.        0.        0.025292  0.        0.      ]
   [ 0.        0.        0.        0.01107   0.        0.      ]
   [ 0.        0.        0.        0.064105  0.        0.      ]
   [ 0.025292  0.01107   0.064105  0.        0.        0.011158]
   [ 0.        0.        0.        0.        0.        0.      ]
   [ 0.        0.        0.        0.011158  0.        0.      ]]

  [[ 0.        0.        0.        0.01107   0.        0.      ]
   [ 0.        0.        0.        0.027998  0.        0.      ]
   [ 0.        0.        0.        0.043169  0.        0.      ]
   [ 0.01107   0.027998  0.043169  0.        0.       -0.      ]
   [ 0.        0.        0.        0.        0.        0.      ]
   [ 0.        0.        0.       -0.        0.        0.      ]]

  [[ 0.        0.        0.        0.064105  0.        0.      ]
   [ 0.        0.        0.        0.043169  0.        0.      ]
   [ 0.        0.        0.        0.204588  0.        0.      ]
   [ 0.064105  0.043169  0.204588  0.        0.       -0.      ]
   [ 0.        0.        0.        0.        0.        0.      ]
   [ 0.        0.        0.       -0.        0.        0.      ]]

  [[ 0.514707  0.063242  0.351839  0.        0.        0.239708]
   [ 0.063242  1.264502  0.292403  0.        0.        0.      ]
   [ 0.351839  0.292403  0.925959  0.        0.       -0.      ]
   [ 0.        0.        0.        0.997514  0.        0.      ]
   [ 0.        0.        0.        0.        0.889973  0.      ]
   [ 0.239708  0.       -0.        0.        0.        0.889973]]

  [[ 0.        0.        0.        0.        0.        0.      ]
   [ 0.        0.        0.        0.        0.        0.      ]
   [ 0.        0.        0.        0.        0.        0.      ]
   [ 0.        0.        0.        0.        0.05377   0.      ]
   [ 0.        0.        0.        0.05377   0.        0.      ]
   [ 0.        0.        0.        0.        0.        0.      ]]

  [[ 0.        0.        0.        0.011158  0.        0.      ]
   [ 0.        0.        0.       -0.        0.        0.      ]
   [ 0.        0.        0.       -0.        0.        0.      ]
   [ 0.011158 -0.       -0.        0.        0.        0.05377 ]
   [ 0.        0.        0.        0.        0.        0.      ]
   [ 0.        0.        0.        0.05377   0.        0.      ]]]


 [[[ 0.        0.        0.        0.        0.025292  0.      ]
   [ 0.        0.        0.        0.        0.01107   0.      ]
   [ 0.        0.        0.        0.        0.064105  0.      ]
   [ 0.        0.        0.        0.        0.        0.      ]
   [ 0.025292  0.01107   0.064105  0.        0.        0.011158]
   [ 0.        0.        0.        0.        0.011158  0.      ]]

  [[ 0.        0.        0.        0.        0.01107   0.      ]
   [ 0.        0.        0.        0.        0.027998  0.      ]
   [ 0.        0.        0.        0.        0.043169  0.      ]
   [ 0.        0.        0.        0.        0.        0.      ]
   [ 0.01107   0.027998  0.043169  0.        0.       -0.      ]
   [ 0.        0.        0.        0.       -0.        0.      ]]

  [[ 0.        0.        0.        0.        0.064105  0.      ]
   [ 0.        0.        0.        0.        0.043169  0.      ]
   [ 0.        0.        0.        0.        0.204588  0.      ]
   [ 0.        0.        0.        0.        0.        0.      ]
   [ 0.064105  0.043169  0.204588  0.        0.       -0.      ]
   [ 0.        0.        0.        0.       -0.        0.      ]]

  [[ 0.        0.        0.        0.        0.        0.      ]
   [ 0.        0.        0.        0.        0.        0.      ]
   [ 0.        0.        0.        0.        0.        0.      ]
   [ 0.        0.        0.        0.        0.05377   0.      ]
   [ 0.        0.        0.        0.05377   0.        0.      ]
   [ 0.        0.        0.        0.        0.        0.      ]]

  [[ 0.514707  0.063242  0.351839  0.        0.        0.239708]
   [ 0.063242  1.264502  0.292403  0.        0.        0.      ]
   [ 0.351839  0.292403  0.925959  0.        0.       -0.      ]
   [ 0.        0.        0.        0.889973  0.        0.      ]
   [ 0.        0.        0.        0.        0.997514  0.      ]
   [ 0.239708  0.       -0.        0.        0.        0.889973]]

  [[ 0.        0.        0.        0.        0.011158  0.      ]
   [ 0.        0.        0.        0.       -0.        0.      ]
   [ 0.        0.        0.        0.       -0.        0.      ]
   [ 0.        0.        0.        0.        0.        0.      ]
   [ 0.011158 -0.       -0.        0.        0.        0.05377 ]
   [ 0.        0.        0.        0.        0.05377   0.      ]]]


 [[[ 0.304107  0.015455  0.141641  0.        0.        0.146428]
   [ 0.015455  0.2829    0.066903  0.        0.        0.015054]
   [ 0.141641  0.066903  0.250679  0.        0.        0.099296]
   [ 0.        0.        0.        0.239708  0.        0.      ]
   [ 0.        0.        0.        0.        0.239708  0.      ]
   [ 0.146428  0.015054  0.099296  0.        0.        0.272342]]

  [[ 0.012141  0.001384  0.006878  0.        0.        0.015054]
   [ 0.001384  0.        0.        0.        0.        0.027998]
   [ 0.006878  0.        0.        0.        0.        0.043169]
   [ 0.        0.        0.        0.        0.        0.      ]
   [ 0.        0.        0.        0.        0.        0.      ]
   [ 0.015054  0.027998  0.043169  0.        0.        0.      ]]

  [[ 0.126517  0.002581  0.052138  0.        0.        0.099296]
   [ 0.002581 -0.       -0.        0.        0.        0.043169]
   [ 0.052138 -0.       -0.        0.        0.        0.204588]
   [ 0.        0.        0.       -0.        0.        0.      ]
   [ 0.        0.        0.        0.       -0.        0.      ]
   [ 0.099296  0.043169  0.204588  0.        0.       -0.      ]]

  [[ 0.        0.        0.        0.011158  0.        0.      ]
   [ 0.        0.        0.       -0.        0.        0.      ]
   [ 0.        0.        0.       -0.        0.        0.      ]
   [ 0.011158 -0.       -0.        0.        0.        0.05377 ]
   [ 0.        0.        0.        0.        0.        0.      ]
   [ 0.        0.        0.        0.05377   0.        0.      ]]

  [[ 0.        0.        0.        0.        0.011158  0.      ]
   [ 0.        0.        0.        0.       -0.        0.      ]
   [ 0.        0.        0.        0.       -0.        0.      ]
   [ 0.        0.        0.        0.        0.        0.      ]
   [ 0.011158 -0.       -0.        0.        0.        0.05377 ]
   [ 0.        0.        0.        0.        0.05377   0.      ]]

  [[ 0.570538  0.063527  0.366442  0.        0.        0.272342]
   [ 0.063527  1.264502  0.292403  0.        0.        0.      ]
   [ 0.366442  0.292403  0.925959  0.        0.       -0.      ]
   [ 0.        0.        0.        0.889973  0.        0.      ]
   [ 0.        0.        0.        0.        0.889973  0.      ]
   [ 0.272342  0.       -0.        0.        0.        0.997514]]]]