[[[[1.681247 0.242603 0.       0.       0.       0.073451]
   [0.242603 0.39719  0.       0.       0.       0.152741]
   [0.       0.       0.39719  0.       0.       0.      ]
   [0.       0.       0.       0.39719  0.       0.      ]
   [0.       0.       0.       0.       0.39719  0.183229]
   [0.073451 0.152741 0.       0.       0.183229 0.332014]]

  [[0.242603 0.044507 0.       0.       0.       0.013149]
   [0.044507 0.090279 0.       0.       0.       0.035057]
   [0.       0.       0.090279 0.       0.       0.      ]
   [0.       0.       0.       0.090279 0.       0.      ]
   [0.       0.       0.       0.       0.090279 0.04254 ]
   [0.013149 0.035057 0.       0.       0.04254  0.077751]]

  [[0.       0.       0.009437 0.       0.       0.      ]
   [0.       0.       0.014261 0.       0.       0.      ]
   [0.009437 0.014261 0.       0.       0.       0.003165]
   [0.       0.       0.       0.       0.       0.      ]
   [0.       0.       0.       0.       0.       0.      ]
   [0.       0.       0.003165 0.       0.       0.      ]]

  [[0.       0.       0.       0.009437 0.       0.      ]
   [0.       0.       0.       0.014261 0.       0.      ]
   [0.       0.       0.       0.       0.       0.      ]
   [0.009437 0.014261 0.       0.       0.       0.003165]
   [0.       0.       0.       0.       0.       0.      ]
   [0.       0.       0.       0.003165 0.       0.      ]]

  [[0.       0.       0.       0.       0.009437 0.00174 ]
   [0.       0.       0.       0.       0.014261 0.006088]
   [0.       0.       0.       0.       0.       0.      ]
   [0.       0.       0.       0.       0.       0.      ]
   [0.009437 0.014261 0.       0.       0.       0.009512]
   [0.00174  0.006088 0.       0.       0.009512 0.016143]]

  [[0.073451 0.013149 0.       0.       0.00174  0.004289]
   [0.013149 0.02675  0.       0.       0.003441 0.012343]
   [0.       0.       0.026389 0.       0.       0.      ]
   [0.       0.       0.       0.026389 0.       0.      ]
   [0.00174  0.003441 0.       0.       0.027474 0.015736]
   [0.004289 0.012343 0.       0.       0.015736 0.029126]]]


 [[[0.242603 0.044507 0.       0.       0.       0.013149]
   [0.044507 0.090279 0.       0.       0.       0.035057]
   [0.       0.       0.090279 0.       0.       0.      ]
   [0.       0.       0.       0.090279 0.       0.      ]
   [0.       0.       0.       0.       0.090279 0.04254 ]
   [0.013149 0.035057 0.       0.       0.04254  0.077751]]

  [[0.39719  0.090279 0.       0.       0.       0.02675 ]
   [0.090279 0.290625 0.       0.       0.       0.117078]
   [0.       0.       0.290625 0.       0.       0.      ]
   [0.       0.       0.       0.290625 0.       0.      ]
   [0.       0.       0.       0.       0.290625 0.147067]
   [0.02675  0.117078 0.       0.       0.147067 0.282034]]

  [[0.       0.       0.014261 0.       0.       0.      ]
   [0.       0.       0.064236 0.       0.       0.      ]
   [0.014261 0.064236 0.       0.       0.       0.013882]
   [0.       0.       0.       0.       0.       0.      ]
   [0.       0.       0.       0.       0.       0.      ]
   [0.       0.       0.013882 0.       0.       0.      ]]

  [[0.       0.       0.       0.014261 0.       0.      ]
   [0.       0.       0.       0.064236 0.       0.      ]
   [0.       0.       0.       0.       0.       0.      ]
   [0.014261 0.064236 0.       0.       0.       0.013882]
   [0.       0.       0.       0.       0.       0.      ]
   [0.       0.       0.       0.013882 0.       0.      ]]

  [[0.       0.       0.       0.       0.014261 0.003441]
   [0.       0.       0.       0.       0.064236 0.03374 ]
   [0.       0.       0.       0.       0.       0.      ]
   [0.       0.       0.       0.       0.       0.      ]
   [0.014261 0.064236 0.       0.       0.       0.051943]
   [0.003441 0.03374  0.       0.       0.051943 0.106007]]

  [[0.152741 0.035057 0.       0.       0.006088 0.012343]
   [0.035057 0.117078 0.       0.       0.03374  0.075114]
   [0.       0.       0.111373 0.       0.       0.      ]
   [0.       0.       0.       0.111373 0.       0.      ]
   [0.006088 0.03374  0.       0.       0.128487 0.104189]
   [0.012343 0.075114 0.       0.       0.104189 0.224018]]]


 [[[0.       0.       0.009437 0.       0.       0.      ]
   [0.       0.       0.014261 0.       0.       0.      ]
   [0.009437 0.014261 0.       0.       0.       0.003165]
   [0.       0.       0.       0.       0.       0.      ]
   [0.       0.       0.       0.       0.       0.      ]
   [0.       0.       0.003165 0.       0.       0.      ]]

  [[0.       0.       0.014261 0.       0.       0.      ]
   [0.       0.       0.064236 0.       0.       0.      ]
   [0.014261 0.064236 0.       0.       0.       0.013882]
   [0.       0.       0.       0.       0.       0.      ]
   [0.       0.       0.       0.       0.       0.      ]
   [0.       0.       0.013882 0.       0.       0.      ]]

  [[0.39719  0.090279 0.       0.       0.       0.026389]
   [0.090279 0.290625 0.       0.       0.       0.111373]
   [0.       0.       0.313125 0.       0.       0.      ]
   [0.       0.       0.       0.279374 0.       0.      ]
   [0.       0.       0.       0.       0.279374 0.137316]
   [0.026389 0.111373 0.       0.       0.137316 0.25778 ]]

  [[0.       0.       0.       0.       0.       0.      ]
   [0.       0.       0.       0.       0.       0.      ]
   [0.       0.       0.       0.016875 0.       0.      ]
   [0.       0.       0.016875 0.       0.       0.      ]
   [0.       0.       0.       0.       0.       0.      ]
   [0.       0.       0.       0.       0.       0.      ]]

  [[0.       0.       0.       0.       0.       0.      ]
   [0.       0.       0.       0.       0.       0.      ]
   [0.       0.       0.       0.       0.016875 0.005354]
   [0.       0.       0.       0.       0.       0.      ]
   [0.       0.       0.016875 0.       0.       0.      ]
   [0.       0.       0.005354 0.       0.       0.      ]]

  [[0.       0.       0.003165 0.       0.       0.      ]
   [0.       0.       0.013882 0.       0.       0.      ]
   [0.003165 0.013882 0.       0.       0.005354 0.005766]
   [0.       0.       0.       0.       0.       0.      ]
   [0.       0.       0.005354 0.       0.       0.      ]
   [0.       0.       0.005766 0.       0.       0.      ]]]


 [[[0.       0.       0.       0.009437 0.       0.      ]
   [0.       0.       0.       0.014261 0.       0.      ]
   [0.       0.       0.       0.       0.       0.      ]
   [0.009437 0.014261 0.       0.       0.       0.003165]
   [0.       0.       0.       0.       0.       0.      ]
   [0.       0.       0.       0.003165 0.       0.      ]]

  [[0.       0.       0.       0.014261 0.       0.      ]
   [0.       0.       0.       0.064236 0.       0.      ]
   [0.       0.       0.       0.       0.       0.      ]
   [0.014261 0.064236 0.       0.       0.       0.013882]
   [0.       0.       0.       0.       0.       0.      ]
   [0.       0.       0.       0.013882 0.       0.      ]]

  [[0.       0.       0.       0.       0.       0.      ]
   [0.       0.       0.       0.       0.       0.      ]
   [0.       0.       0.       0.016875 0.       0.      ]
   [0.       0.       0.016875 0.       0.       0.      ]
   [0.       0.       0.       0.       0.       0.      ]
   [0.       0.       0.       0.       0.       0.      ]]

  [[0.39719  0.090279 0.       0.       0.       0.026389]
   [0.090279 0.290625 0.       0.       0.       0.111373]
   [0.       0.       0.279374 0.       0.       0.      ]
   [0.       0.       0.       0.313125 0.       0.      ]
   [0.       0.       0.       0.       0.279374 0.137316]
   [0.026389 0.111373 0.       0.       0.137316 0.25778 ]]

  [[0.       0.       0.       0.       0.       0.      ]
   [0.       0.       0.       0.       0.       0.      ]
   [0.       0.       0.       0.       0.       0.      ]
   [0.       0.       0.       0.       0.016875 0.005354]
   [0.       0.       0.       0.016875 0.       0.      ]
   [0.       0.       0.       0.005354 0.       0.      ]]

  [[0.       0.       0.       0.003165 0.       0.      ]
   [0.       0.       0.       0.013882 0.       0.      ]
   [0.       0.       0.       0.       0.       0.      ]
   [0.003165 0.013882 0.       0.       0.005354 0.005766]
   [0.       0.       0.       0.005354 0.       0.      ]
   [0.       0.       0.       0.005766 0.       0.      ]]]


 [[[0.       0.       0.       0.       0.009437 0.00174 ]
   [0.       0.       0.       0.       0.014261 0.006088]
   [0.       0.       0.       0.       0.       0.      ]
   [0.       0.       0.       0.       0.       0.      ]
   [0.009437 0.014261 0.       0.       0.       0.009512]
   [0.00174  0.006088 0.       0.       0.009512 0.016143]]

  [[0.       0.       0.       0.       0.014261 0.003441]
   [0.       0.       0.       0.       0.064236 0.03374 ]
   [0.       0.       0.       0.       0.       0.      ]
   [0.       0.       0.       0.       0.       0.      ]
   [0.014261 0.064236 0.       0.       0.       0.051943]
   [0.003441 0.03374  0.       0.       0.051943 0.106007]]

  [[0.       0.       0.       0.       0.       0.      ]
   [0.       0.       0.       0.       0.       0.      ]
   [0.       0.       0.       0.       0.016875 0.005354]
   [0.       0.       0.       0.       0.       0.      ]
   [0.       0.       0.016875 0.       0.       0.      ]
   [0.       0.       0.005354 0.       0.       0.      ]]

  [[0.       0.       0.       0.       0.       0.      ]
   [0.       0.       0.       0.       0.       0.      ]
   [0.       0.       0.       0.       0.       0.      ]
   [0.       0.       0.       0.       0.016875 0.005354]
   [0.       0.       0.       0.016875 0.       0.      ]
   [0.       0.       0.       0.005354 0.       0.      ]]

  [[0.39719  0.090279 0.       0.       0.       0.027474]
   [0.090279 0.290625 0.       0.       0.       0.128487]
   [0.       0.       0.279374 0.       0.       0.      ]
   [0.       0.       0.       0.279374 0.       0.      ]
   [0.       0.       0.       0.       0.313125 0.166569]
   [0.027474 0.128487 0.       0.       0.166569 0.330538]]

  [[0.183229 0.04254  0.       0.       0.009512 0.015736]
   [0.04254  0.147067 0.       0.       0.051943 0.104189]
   [0.       0.       0.137316 0.       0.       0.      ]
   [0.       0.       0.       0.137316 0.       0.      ]
   [0.009512 0.051943 0.       0.       0.166569 0.147068]
   [0.015736 0.104189 0.       0.       0.147068 0.323664]]]


 [[[0.073451 0.013149 0.       0.       0.00174  0.004289]
   [0.013149 0.02675  0.       0.       0.003441 0.012343]
   [0.       0.       0.026389 0.       0.       0.      ]
   [0.       0.       0.       0.026389 0.       0.      ]
   [0.00174  0.003441 0.       0.       0.027474 0.015736]
   [0.004289 0.012343 0.       0.       0.015736 0.029126]]

  [[0.152741 0.035057 0.       0.       0.006088 0.012343]
   [0.035057 0.117078 0.       0.       0.03374  0.075114]
   [0.       0.       0.111373 0.       0.       0.      ]
   [0.       0.       0.       0.111373 0.       0.      ]
   [0.006088 0.03374  0.       0.       0.128487 0.104189]
   [0.012343 0.075114 0.       0.       0.104189 0.224018]]

  [[0.       0.       0.003165 0.       0.       0.      ]
   [0.       0.       0.013882 0.       0.       0.      ]
   [0.003165 0.013882 0.       0.       0.005354 0.005766]
   [0.       0.       0.       0.       0.       0.      ]
   [0.       0.       0.005354 0.       0.       0.      ]
   [0.       0.       0.005766 0.       0.       0.      ]]

  [[0.       0.       0.       0.003165 0.       0.      ]
   [0.       0.       0.       0.013882 0.       0.      ]
   [0.       0.       0.       0.       0.       0.      ]
   [0.003165 0.013882 0.       0.       0.005354 0.005766]
   [0.       0.       0.       0.005354 0.       0.      ]
   [0.       0.       0.       0.005766 0.       0.      ]]

  [[0.183229 0.04254  0.       0.       0.009512 0.015736]
   [0.04254  0.147067 0.       0.       0.051943 0.104189]
   [0.       0.       0.137316 0.       0.       0.      ]
   [0.       0.       0.       0.137316 0.       0.      ]
   [0.009512 0.051943 0.       0.       0.166569 0.147068]
   [0.015736 0.104189 0.       0.       0.147068 0.323664]]

  [[0.332014 0.077751 0.       0.       0.016143 0.029126]
   [0.077751 0.282034 0.       0.       0.106007 0.224018]
   [0.       0.       0.25778  0.       0.       0.      ]
   [0.       0.       0.       0.25778  0.       0.      ]
   [0.016143 0.106007 0.       0.       0.330538 0.323664]
   [0.029126 0.224018 0.       0.       0.323664 0.774999]]]]